10,125
10,216
10,34
10,254
10,166
10,244
10,180
10,6
11,12
11,16
9,7
9,4
9,6
9,2
9,3
208,5
208,3
8,18
208,1
8,13
207,5
8,2
207,3
8,3
207,1
179,5
179,4
179,3
179,1
177,3
177,1
175,3
175,1
169,3
169,1
168,3
168,1
167,4
167,3
167,1
164,4
164,3
164,1
163,3
163,1
161,3
161,1
142,3
142,1
140,3
140,1
138,3
138,1
136,3
136,1
134,4
134,3
134,1
132,4
132,3
132,2
132,1
127,4
127,3
127,1
125,4
125,3
125,1
112,4
112,3
112,2
112,1
110,3
110,1
109,4
109,3
109,1
103,3
103,1
20,3
20,2
20,1
19,3
19,2
19,1
17,3
17,1
16,3
16,2
16,1
15,3
15,2
15,1
14,7
14,6
14,2
13,2
12,3
12,2
12,1
11,29
11,28
11,27
11,26
11,25
11,24
11,23
11,22
11,21
11,20
11,19
11,18
11,17
11,15
18,1
11,14
18,3
11,13
11,7
11,6
11,4
